100 100
8 91 63 4 23
2 30 95 45 4
6 63 60 9 29
1 90 15 7 13
0 53 23 23 18
3 63 30 16 11
7 89 49 6 30
0 12 10 76 23
7 61 31 26 12
1 80 93 14 2
4 0 34 39 1
3 92 47 6 7
5 44 78 28 18
3 69 54 27 18
7 15 1 29 50
0 44 34 20 25
10 4 65 6 28
0 41 83 57 3
3 11 55 73 32
4 35 83 33 1
8 9 20 81 51
5 67 80 32 20
9 11 35 77 65
8 83 15 1 13
0 37 75 43 8
9 47 76 53 19
10 63 20 3 11
4 69 1 16 89
2 39 7 6 68
2 68 93 10 4
2 85 76 9 10
8 43 56 10 19
4 56 14 3 42
4 77 23 19 20
0 18 39 65 11
6 79 40 4 37
0 50 35 46 51
1 27 48 33 21
8 26 59 60 7
7 44 20 14 53
1 15 1 67 33
3 29 19 46 55
5 71 73 3 5
4 16 86 77 1
5 90 78 6 2
10 40 10 45 2
2 93 32 5 33
10 70 70 27 19
0 65 53 25 42
4 43 51 55 6
1 43 43 15 14
8 45 63 18 5
10 50 35 42 42
8 33 53 31 39
5 31 38 50 42
9 89 84 8 16
6 66 17 20 39
1 70 39 4 9
1 58 23 2 55
7 22 66 69 27
10 15 59 40 28
7 30 25 52 56
3 25 62 24 16
5 69 88 11 1
0 48 54 10 10
8 86 66 1 30
1 53 84 6 1
4 31 58 36 38
3 63 46 34 49
10 44 43 54 36
4 56 86 12 10
4 54 23 28 7
10 72 56 18 43
0 79 48 5 49
2 85 25 9 47
2 38 49 48 37
1 29 16 65 31
9 28 5 9 94
1 26 23 23 7
1 4 30 27 30
7 1 38 91 45
2 20 60 77 22
9 82 39 8 53
3 39 30 50 31
3 15 0 78 43
6 69 65 14 12
3 16 21 58 39
3 3 75 9 20
0 4 0 36 84
10 20 28 44 39
1 40 38 43 58
1 17 20 48 47
9 68 5 15 5
10 18 80 37 2
2 33 17 28 2
4 48 52 37 21
8 25 16 11 38
4 52 56 24 12
4 44 52 6 3
5 30 1 26 18
8 56 31 20 24
6 67 82 28 8
9 45 33 51 67
3 71 67 6 1
4 75 39 11 14
5 60 28 21 36
7 35 88 4 6
2 81 41 3 15
5 54 77 1 1
7 13 20 68 4
2 27 48 31 19
5 75 45 13 26
7 90 55 3 38
4 9 38 77 28
6 60 80 19 17
0 22 91 77 5
8 36 78 26 14
9 65 86 31 11
0 23 14 50 10
4 0 40 69 45
6 44 42 32 49
1 37 52 27 20
4 89 41 1 55
10 23 28 8 11
3 2 93 78 3
8 9 84 22 5
2 61 86 33 11
10 1 23 95 59
3 81 46 2 33
2 71 23 26 40
10 63 75 6 24
9 42 23 30 31
10 66 41 15 35
10 15 37 72 47
8 61 37 20 57
6 80 9 13 57
9 31 48 32 32
8 9 67 25 10
5 50 88 15 1
8 8 0 45 61
4 75 90 22 4
5 57 64 38 27
5 70 64 18 13
9 46 45 9 30
1 95 58 3 20
5 20 6 21 72
7 79 59 21 24
9 5 88 74 1
4 74 39 24 42
10 21 53 7 19
5 56 31 38 34
6 83 87 12 9
6 7 61 69 13
1 60 28 19 10
4 63 45 33 31
2 84 16 11 53
10 36 78 56 2
9 59 92 41 8
2 1 21 94 65
4 25 90 7 5
5 14 1 27 56
9 57 80 10 7
6 90 81 7 3
7 6 71 74 24
6 40 28 40 47
8 36 12 48 5
6 49 42 47 39
8 58 59 33 33
2 9 51 91 38
1 75 84 22 2
10 42 95 14 1
10 54 77 28 7
10 44 86 39 3
0 52 47 4 17
7 66 46 29 35
6 75 23 22 10
10 42 27 47 67
10 79 67 16 17
4 20 30 75 44
0 77 92 8 1
9 7 77 28 21
7 52 50 10 12
9 92 41 1 33
1 76 29 19 61
1 20 69 42 19
1 90 52 5 47
4 39 45 50 24
3 34 65 25 4
8 16 38 38 15
3 12 86 55 12
8 60 79 16 2
7 17 4 62 15
10 19 64 45 4
4 42 22 44 61
7 74 92 2 4
2 14 80 67 9
10 93 72 2 18
7 42 65 8 7
0 10 65 51 28
8 9 59 23 40
8 5 68 61 28
6 86 1 4 67
7 52 36 44 42
6 29 89 18 10
5 64 27 11 22
10 89 6 11 29
1 5 20 85 23
9 45 69 44 31
0 71 14 25 18
5 86 64 2 9
0 47 87 48 1
6 21 55 33 34
9 58 71 27 18
7 40 2 30 40
9 74 48 17 40
10 0 84 51 2
6 72 4 26 66
2 6 71 29 5
0 93 6 3 51
10 52 80 19 13
1 58 1 18 9
8 28 46 2 50
6 49 22 49 77
10 14 75 18 17
8 67 15 27 64
7 11 59 13 18
7 65 89 18 8
6 93 23 6 32
8 22 26 64 64
1 32 56 10 15
1 0 13 30 33
10 55 29 41 53
6 63 70 33 14
7 60 60 22 2
8 41 95 46 1
1 77 13 4 83
8 12 84 26 4
0 57 12 22 79
8 60 4 39 34
8 49 55 12 42
9 64 63 2 16
8 13 85 22 14
7 1 65 88 7
2 71 27 4 34
7 13 14 60 10
2 58 21 33 11
10 86 27 1 44
5 41 57 21 10
10 38 32 48 33
3 48 57 29 42
4 68 68 20 4
0 87 3 6 8
8 48 59 5 10
7 85 71 10 25
4 10 46 51 14
0 93 73 3 12
2 41 63 56 18
0 70 10 28 13
8 19 71 69 28
4 29 8 8 82
0 93 56 7 1
8 43 34 19 60
8 17 82 22 17
8 82 3 17 23
3 64 74 32 11
6 5 46 60 22
3 47 25 47 36
3 30 62 41 21
6 9 20 71 58
2 39 71 12 16
8 75 95 6 1
9 50 88 8 3
5 61 65 13 1
0 31 3 44 36
8 2 42 2 45
8 87 12 5 13
7 11 15 62 23
10 89 46 4 20
6 79 71 11 19
7 46 66 27 8
0 9 49 52 34
6 87 34 13 59
5 95 79 1 20
1 50 26 1 69
8 5 75 9 3
1 47 57 26 3
9 47 86 53 5
5 94 70 5 23
9 53 2 2 39
0 90 30 1 19
3 89 2 7 91
3 21 31 34 24
2 5 15 57 10
1 41 58 22 19
1 6 30 16 45
10 29 70 51 6
3 56 71 38 13
7 40 31 17 31
4 64 66 33 28
3 20 9 59 21
6 12 91 68 2
1 57 7 8 27
7 52 68 13 27
2 91 5 8 86
6 10 37 69 3
3 0 45 6 30
9 11 69 35 11
1 81 48 11 16
8 94 49 5 51
6 24 59 45 13
6 75 55 22 23
10 15 34 73 27
9 2 23 43 34
2 75 40 8 43
2 61 23 26 12
3 17 74 14 24
1 50 55 25 7
3 83 9 3 52
0 53 29 28 57
2 3 49 30 39
4 56 11 17 55
2 82 27 3 66
2 16 92 78 4
7 77 35 14 2
4 72 81 10 3
9 84 91 11 5
6 62 71 12 13
4 54 59 3 35
4 73 74 20 16
0 95 51 3 1
4 26 81 67 8
4 66 91 24 2
5 65 44 25 47
9 89 54 7 1
6 58 67 11 24
6 52 24 39 54
5 16 84 29 3
1 75 25 22 32
1 72 88 20 3
5 18 50 59 45
7 1 65 15 31
5 31 11 8 64
5 62 77 15 4
7 59 84 34 14
5 56 56 27 32
0 22 91 70 1
9 93 19 6 63
4 60 0 38 54
0 6 0 56 48
8 2 89 9 8
2 80 79 5 6
8 13 89 5 7
1 45 36 20 6
0 26 80 11 13
1 5 80 3 8
4 4 91 83 5
9 77 78 18 19
8 27 66 37 17
8 88 59 8 28
2 56 1 5 5
1 0 14 80 59
7 18 61 34 33
2 60 30 30 33
3 16 81 7 2
5 68 33 30 66
5 80 93 10 5
7 56 47 27 34
10 82 75 12 24
4 5 53 36 31
0 16 59 30 36
2 24 14 32 22
0 42 17 46 60
1 56 51 14 17
0 19 64 34 17
2 81 92 2 6
5 29 89 29 6
8 59 79 21 14
3 28 93 6 3
2 16 5 17 82
5 46 91 38 3
4 55 37 8 5
0 7 61 69 34
6 94 58 4 7
6 24 9 71 1
0 91 94 8 1
4 42 24 11 3
8 65 43 12 11
8 37 0 10 12
10 10 48 77 40
6 32 1 29 42
8 12 6 70 59
5 10 26 23 30
3 14 82 74 5
10 35 74 16 4
8 80 35 17 9
6 11 93 16 6
7 95 38 5 27
7 8 33 49 7
7 86 1 5 47
3 15 92 12 6
6 1 36 76 39
1 43 57 13 7
3 19 80 15 19
6 95 33 2 42
8 32 10 19 44
5 8 41 80 19
6 34 65 37 32
1 40 34 51 12
1 10 25 62 74
5 38 15 9 36
4 26 39 18 5
2 86 25 2 7
5 36 17 23 7
3 33 61 15 18
3 84 89 7 4
0 48 15 9 45
4 84 64 8 34
8 42 21 12 8
3 41 51 28 26
9 21 56 79 31
5 43 78 48 13
6 55 41 1 38
2 83 88 13 6
10 43 78 24 20
1 0 5 79 30
4 92 12 4 4
6 29 4 49 11
8 65 58 8 35
7 71 74 7 8
7 89 28 8 37
0 89 49 9 38
7 60 68 13 12
6 93 56 2 13
8 10 82 85 5
9 2 95 36 3
0 80 56 18 18
3 40 13 31 1
4 25 63 15 29
4 11 49 86 6
5 58 95 30 3
7 60 42 33 3
8 34 39 51 20
10 39 55 39 38
5 83 47 12 7
7 39 47 51 12
9 19 66 62 17
8 57 6 21 49
10 28 4 46 59
4 8 24 50 62
6 36 0 31 100
3 8 44 5 42
10 7 74 29 7
4 44 53 11 27
5 88 36 6 21
5 91 24 3 28
10 65 1 23 36
1 78 31 2 51
6 59 4 29 28
5 38 85 56 6
2 61 55 15 26
2 94 12 4 7
2 69 10 24 52
6 94 77 6 20
3 41 20 48 28
7 60 79 40 3
10 17 46 70 54
4 72 23 3 47
4 41 22 50 15
5 6 85 76 15
9 87 69 1 12
10 51 35 38 43
9 85 49 4 32
7 91 50 9 42
4 16 28 16 1
8 93 63 2 24
1 70 77 5 4
7 46 73 36 23
1 76 19 24 55
0 47 36 7 13
6 32 89 15 4
9 34 26 1 59
1 14 42 61 42
5 64 81 6 9
6 25 33 31 8
9 32 5 16 78
6 83 30 9 63
5 20 15 33 56
9 3 15 49 52
4 22 15 26 54
2 77 69 13 24
3 76 54 23 5
9 12 86 33 1
4 11 59 47 40
1 76 47 24 11
5 87 13 2 32
6 33 40 36 35
4 4 72 96 23
9 79 37 7 19
1 35 81 18 14
5 18 59 19 38
2 22 62 21 24
10 70 18 20 57
7 54 1 25 54
5 86 90 10 3
2 18 54 27 4
3 56 49 6 36
1 41 24 27 68
7 5 11 8 26
0 27 70 27 4
1 39 38 18 28
8 50 31 30 6
8 59 79 20 2
8 75 6 13 12
7 66 2 17 20
7 78 23 14 35
1 53 46 42 53
5 49 10 41 58
10 56 35 12 19
5 37 36 53 53
4 74 82 1 7
8 3 43 4 47
10 95 5 5 14
8 62 73 16 24
4 7 75 85 3
7 91 31 2 11
8 61 28 32 44
3 72 61 6 4
3 43 58 8 26
2 78 32 17 3
6 64 19 3 72
0 46 62 21 21
1 7 2 18 31
2 27 4 73 46
1 93 23 5 71
8 94 79 2 14
10 87 87 13 10
8 68 17 32 71
4 90 55 4 4
9 82 52 15 39
4 71 90 26 4
0 25 42 75 7
0 54 66 24 3
3 85 55 1 15
5 28 31 65 30
7 42 16 4 61
5 4 61 79 5
3 51 44 10 43
1 10 50 82 12
8 47 17 50 55
3 76 13 5 6
4 61 93 19 1
3 91 54 9 9
3 36 10 1 6
1 5 61 69 4
4 73 51 18 44
5 16 71 33 18
5 56 27 34 32
6 23 0 7 62
0 30 52 59 19
3 60 65 23 34
1 15 25 18 9
8 18 15 41 22
0 80 20 19 77
6 37 77 50 22
10 91 19 5 27
2 94 66 4 9
4 89 40 8 43
9 47 49 23 18
2 80 62 19 22
0 50 24 25 58
7 47 14 46 34
7 57 27 36 24
7 89 1 1 22
3 90 16 2 15
10 71 86 26 10
3 90 8 6 54
9 70 82 1 15
1 71 1 12 11
6 55 27 35 19
1 92 82 2 1
5 6 36 59 42
2 5 14 78 53
4 72 50 17 8
1 33 42 1 33
3 60 17 6 32
2 60 61 17 25
9 14 38 45 10
9 36 51 19 22
1 49 37 27 21
1 43 32 9 21
8 48 3 18 67
6 73 16 20 28
7 15 15 23 22
8 32 79 43 11
3 81 87 19 5
10 59 92 11 8
9 69 91 22 3
7 94 76 2 2
1 8 72 33 4
9 62 63 3 3
1 43 6 7 40
2 73 60 8 2
2 81 90 10 7
0 41 19 33 4
7 11 58 63 32
4 78 20 4 57
4 22 87 57 11
9 66 82 28 8
3 88 77 7 14
1 61 55 4 26
3 45 46 1 45
6 80 92 15 7
3 17 54 38 3
7 34 39 50 51
5 46 60 41 5
2 15 89 24 11
2 77 23 20 7
4 33 53 65 22
5 11 67 50 4
7 25 31 24 59
8 13 22 35 1
3 48 74 41 12
6 69 35 1 62
2 46 20 42 28
8 33 47 45 10
9 55 11 14 21
7 4 22 57 66
2 11 12 23 35
7 53 41 44 10
1 49 25 51 72
3 19 45 53 38
1 70 21 27 56
0 93 71 3 10
0 9 48 38 11
10 27 42 37 45
3 76 63 2 15
0 36 87 7 8
7 15 10 84 64
9 85 66 11 6
3 8 15 88 35
2 8 87 12 10
2 94 54 6 5
1 92 42 5 10
8 56 84 32 11
2 0 34 4 16
4 41 84 51 8
9 53 53 13 39
2 75 65 9 5
1 87 54 2 36
9 86 0 5 52
4 64 62 11 4
5 92 45 1 8
6 18 22 34 47
1 40 51 15 35
8 57 87 20 8
5 75 6 22 48
2 28 61 40 35
8 94 39 5 21
7 50 51 50 30
7 40 88 29 4
3 58 82 22 5
2 93 56 4 43
5 54 51 27 25
10 73 80 13 8
9 9 71 84 4
1 10 55 73 20
1 64 42 5 54
2 7 87 81 12
1 56 22 1 16
0 29 51 2 38
6 26 5 19 63
5 87 61 3 39
2 51 95 32 1
7 93 68 5 23
9 19 39 42 4
4 34 56 58 8
7 67 58 14 1
9 48 33 34 12
5 79 77 21 10
10 4 9 74 11
1 29 91 43 5
10 50 84 9 6
8 10 30 6 27
7 62 1 17 19
5 17 91 53 6
9 1 88 85 10
7 95 57 3 30
3 55 9 6 79
5 5 20 71 8
6 84 72 5 1
0 5 22 25 33
10 27 77 39 19
8 68 7 13 75
0 20 25 35 69
0 35 91 39 1
8 59 93 9 2
2 3 60 79 3
8 40 41 28 16
5 93 10 5 75
5 58 74 10 16
0 62 45 10 52
9 51 66 25 33
7 30 27 6 17
3 95 77 1 14
3 74 44 17 7
5 45 59 9 24
3 79 50 10 43
4 36 89 63 8
1 46 2 44 78
0 53 84 25 11
6 51 56 37 20
3 58 86 29 3
9 18 78 63 22
2 13 50 1 34
6 0 61 51 13
0 31 49 64 44
8 4 85 96 10
9 46 68 31 12
7 75 16 23 77
6 78 12 5 29
4 68 21 2 18
8 27 45 18 27
0 61 85 27 1
8 64 46 32 45
3 78 4 18 7
7 95 88 2 12
7 15 40 26 17
8 12 32 22 2
6 69 33 9 65
4 68 39 4 60
6 56 93 36 5
6 12 81 66 12
9 47 87 33 12
4 51 59 12 21
0 78 78 17 2
9 48 21 3 51
3 81 37 9 38
5 90 92 8 6
2 72 94 27 1
3 7 67 64 31
2 76 19 6 66
1 90 48 8 25
7 41 49 10 1
9 50 75 8 17
10 60 54 36 25
4 90 13 4 11
8 57 43 10 17
6 78 25 7 45
8 90 89 6 9
8 49 43 7 36
10 79 51 15 11
4 44 40 10 51
2 61 77 37 3
10 14 43 7 6
3 69 35 31 36
6 21 93 43 1
2 17 0 68 60
5 45 48 24 15
3 76 30 9 29
10 18 31 13 8
1 0 93 29 6
3 64 15 27 66
5 49 62 3 13
5 83 27 14 68
6 28 37 15 29
3 89 66 2 22
2 37 24 2 63
1 27 65 38 6
1 61 47 16 50
9 63 39 24 25
9 10 45 69 50
3 73 79 16 14
5 62 74 9 8
0 22 54 56 16
7 21 0 61 5
7 71 17 9 15
9 11 4 12 70
3 66 47 28 26
1 79 53 4 47
9 32 93 21 1
4 62 4 13 83
8 78 23 3 38
9 78 0 1 24
4 8 65 82 18
9 0 78 21 17
5 67 16 10 73
6 5 84 23 4
7 1 38 62 28
1 52 61 4 27
10 67 60 30 40
5 80 51 17 39
2 93 83 6 4
3 57 51 7 27
6 74 94 4 6
1 38 14 26 36
3 93 52 2 20
7 64 58 33 25
2 11 88 41 4
4 86 42 7 15
7 76 54 23 26
3 59 70 26 10
2 43 85 20 14
5 27 44 52 53
10 20 9 21 75
5 0 80 43 17
4 37 89 1 2
4 87 83 5 10
1 81 79 19 2
8 6 21 36 31
5 20 60 19 33
4 0 75 9 1
1 40 34 24 13
5 66 52 21 1
9 7 80 92 17
10 27 53 38 41
3 93 56 6 20
2 17 91 42 6
10 17 65 39 24
4 34 8 29 26
7 8 40 36 54
1 2 38 2 40
6 10 52 64 22
4 6 65 49 33
8 35 91 58 3
4 92 8 5 32
4 46 23 5 8
4 24 59 63 5
10 22 74 26 10
6 1 74 51 21
4 10 37 29 11
8 77 21 17 70
6 93 50 1 35
4 40 7 7 65
9 61 62 21 26
6 69 35 5 21
10 18 48 15 13
0 71 59 16 4
5 79 31 5 67
5 10 87 42 8
8 71 47 4 27
0 93 3 5 30
10 48 80 46 17
6 5 13 36 67
6 73 54 8 38
0 38 17 58 19
10 35 47 24 21
9 51 91 49 2
0 76 41 17 32
0 54 80 4 8
9 71 48 26 45
5 17 1 48 36
1 25 10 67 10
4 70 41 28 3
2 95 1 4 8
4 34 35 35 32
7 75 21 21 13
9 53 22 1 73
6 85 86 15 6
6 38 67 3 32
3 6 73 44 26
2 10 75 56 22
2 94 88 1 3
9 9 29 83 49
6 82 67 17 26
7 87 32 7 1
1 29 2 31 95
3 29 94 8 6
2 80 36 19 11
5 23 2 69 79
7 48 8 4 78
7 76 75 21 11
6 22 72 69 11
0 51 74 44 26
3 64 69 36 28
9 52 1 36 77
8 17 43 76 11
10 50 46 43 40
6 24 87 6 9
1 2 39 18 30
0 4 57 85 15
7 1 72 70 15
4 21 1 58 47
2 89 79 9 8
5 95 24 2 23
10 49 3 18 70
5 70 69 20 5
4 45 64 33 34
7 90 12 8 22
2 57 38 16 44
8 48 21 41 44
2 91 36 6 9
0 28 22 37 57
2 60 3 17 3
4 17 27 68 30
3 17 53 36 32
10 90 12 1 30
4 5 2 47 85
8 18 59 45 17
6 45 29 41 48
3 15 52 6 48
0 0 23 62 36
4 80 29 13 40
4 62 35 29 22
4 5 44 35 56
10 21 52 45 23
8 62 76 27 2
0 94 20 5 48
6 0 5 5 6
4 36 83 47 6
9 34 55 3 43
5 56 4 28 35
8 3 64 81 30
10 12 67 87 21
10 61 56 16 34
8 3 8 35 1
6 64 93 13 1
7 41 79 58 19
3 6 32 29 45
7 44 31 30 20
1 48 52 49 15
0 74 80 19 14
6 48 52 34 8
9 43 14 49 7
10 22 35 50 31
4 80 90 19 10
3 30 42 70 13
4 47 66 22 5
9 48 42 22 45
5 22 95 22 1
3 39 84 44 15
6 72 29 12 45
9 86 87 10 11
3 63 23 28 73
3 94 83 4 8
2 21 44 76 31
8 59 70 10 9
9 42 52 31 36
1 72 61 9 19
4 80 73 3 10
5 76 90 16 3
10 29 45 23 41
5 81 26 11 22
10 1 50 8 42
3 81 76 16 20
4 93 73 5 16
4 33 24 32 53
9 32 85 44 7
10 89 81 9 15
1 73 20 24 58
10 8 60 74 16
5 14 76 5 17
5 77 37 15 4
9 23 95 52 4
0 95 34 2 58
10 12 2 1 18
6 76 78 7 22
0 40 77 36 9
10 43 51 32 32
0 24 21 48 48
2 46 77 6 5
7 58 83 18 17
1 3 77 66 5
5 45 70 47 19
6 69 4 17 12
10 36 60 51 6
9 73 71 14 6
7 27 5 33 62
1 3 5 2 85
8 92 14 8 14
6 75 77 22 4
4 85 26 10 10
9 34 22 34 60
5 39 78 55 3
6 35 86 23 12
10 37 29 20 54
8 33 59 59 15
1 66 7 33 38
0 78 42 5 32
0 6 93 93 3
5 70 30 18 37
9 67 38 29 44
3 70 71 5 16
5 70 70 6 1
8 42 72 8 12
4 56 21 41 11
6 46 71 26 15
4 14 84 21 4
4 51 8 2 17
0 38 12 53 6
5 92 2 1 54
9 7 75 73 14
6 42 52 38 42
9 24 18 4 25
7 64 43 13 34
8 35 78 42 1
6 21 29 58 26
5 41 8 14 4
8 7 52 40 19
7 65 84 7 2
6 20 20 25 64
